scaff_739	11	228793	231515
scaff_743	100	188056	76619
scaff_855	7	185453	186647
scaff_732	10	177544	180479
scaff_792	9	165922	167326
scaff_744	8	118509	119581
scaff_810	4	115873	117151
scaff_742	5	112252	113326
scaff_819	2	101843	102072
scaff_746	4	99951	100571
scaff_848	4	92728	93541
scaff_791	5	92570	93305
scaff_738	5	87696	88293
scaff_821	2	86969	87481
scaff_757	6	86476	88578
scaff_894	3	85250	85784
scaff_787	6	85210	85505
scaff_760	4	82440	82822
scaff_906	3	79015	79506
scaff_772	3	77745	77835
scaff_777	6	71808	74454
scaff_751	5	71421	72542
scaff_841	4	68671	69367
scaff_874	3	67958	68111
scaff_783	6	64971	66191
scaff_842	4	62460	62541
scaff_755	2	59526	60397
scaff_734	3	55726	56117
scaff_736	6	52570	47915
scaff_822	4	47376	48355
scaff_807	2	46778	47020
scaff_851	2	45550	45550
scaff_824	2	44498	45417
scaff_845	1	43837	43837
scaff_890	3	41257	41695
scaff_815	5	41220	41222
scaff_740	5	41031	41494
scaff_805	5	39570	40481
scaff_860	1	37804	37804
scaff_809	5	36111	36567
scaff_896	2	35282	35488
scaff_766	2	35192	35534
scaff_898	2	35053	35152
scaff_795	3	33610	33834
scaff_882	2	33115	33611
scaff_892	2	32485	32674
scaff_814	3	32316	33606
scaff_737	3	32273	32404
scaff_837	2	31657	31790
scaff_781	6	30660	31689
scaff_833	6	30384	32544
scaff_827	2	28971	28991
scaff_778	3	28318	28617
scaff_838	4	28221	28763
scaff_735	1	27990	27990
scaff_804	3	27755	27946
scaff_749	2	27218	27507
scaff_849	2	25727	26108
scaff_862	2	24725	25152
scaff_829	2	24716	24898
scaff_864	2	23959	24005
scaff_889	4	23858	25572
scaff_765	4	23492	24106
scaff_877	2	23457	23457
scaff_897	2	23374	23453
scaff_771	3	23229	24428
scaff_762	4	22563	23385
scaff_797	3	22515	22664
scaff_844	4	22298	22587
scaff_803	1	21839	21839
scaff_764	1	21775	21775
scaff_790	1	21498	21498
scaff_859	1	21133	21133
scaff_836	3	20842	22140
scaff_773	3	20704	19934
scaff_847	1	19714	19714
scaff_875	7	19036	19820
scaff_834	3	16998	17796
scaff_868	1	16887	16887
scaff_747	1	16452	16452
scaff_857	1	16450	16450
scaff_934	3	15613	16363
scaff_761	2	15062	15103
scaff_789	2	14945	15019
scaff_886	1	14375	14375
scaff_830	1	14351	14351
scaff_881	2	14291	14455
scaff_794	3	13745	14038
scaff_863	2	13544	13544
scaff_750	3	13276	14529
scaff_813	1	13020	13020
scaff_763	2	12992	12992
scaff_754	1	12956	12956
scaff_902	1	12803	12803
scaff_767	2	11752	11788
scaff_758	2	11571	11939
scaff_852	1	11454	11454
scaff_770	2	11380	11612
scaff_922	2	11358	11833
scaff_775	2	11126	11277
scaff_917	2	11046	11224
scaff_811	2	10922	11232
scaff_769	3	10205	10281
scaff_912	2	10020	10188
scaff_753	2	9992	10812
scaff_800	2	9761	9937
scaff_888	2	9158	9160
scaff_854	1	9118	9118
scaff_784	3	8806	9489
scaff_948	2	8655	9631
scaff_899	2	8493	8860
scaff_915	5	8017	9171
scaff_835	4	7979	9298
scaff_870	1	7757	7757
scaff_878	1	7532	7532
scaff_957	1	7102	7102
scaff_966	2	6994	6994
scaff_967	1	6994	6994
scaff_921	2	6986	7387
scaff_840	2	6824	6990
scaff_954	3	6792	7017
scaff_776	2	6561	6872
scaff_880	2	6503	6890
scaff_817	2	6280	6636
scaff_925	2	6253	6310
scaff_947	5	5697	3685
scaff_872	1	5535	5535
scaff_865	1	5494	5494
scaff_933	2	5467	5954
scaff_786	1	5318	5318
scaff_918	2	5233	6242
scaff_942	3	5155	5608
scaff_825	3	4976	5697
scaff_910	2	4867	5002
scaff_832	1	4845	4845
scaff_941	2	4656	4991
scaff_869	2	4615	5137
scaff_927	1	4353	4353
scaff_782	2	4268	4852
scaff_920	3	4226	4268
scaff_876	3	4138	4228
scaff_909	2	3941	3941
scaff_801	2	3853	4133
scaff_937	1	3834	3834
scaff_929	3	3709	4610
scaff_908	2	3559	3574
scaff_873	3	3323	3679
scaff_913	2	2878	3277
scaff_984	4	2827	3052
scaff_993	4	2791	2995
scaff_802	2	2778	2921
scaff_939	2	2754	2994
scaff_998	2	2384	3355
scaff_973	2	2344	2963
scaff_995	3	2314	4183
scaff_969	2	2294	2993
scaff_964	3	2172	2634
scaff_1025	2	1887	2974
scaff_867	1	1718	1718
scaff_994	2	1511	2656
scaff_1008	2	1500	2572
scaff_931	1	1469	1469
scaff_987	2	1467	2626
scaff_977	2	1456	2506
scaff_990	1	1430	1430
scaff_1006	2	1421	2551
scaff_1017	2	1419	2524
scaff_808	1	1385	1385
scaff_1029	2	1349	2514
scaff_999	2	1330	2525
scaff_1021	2	1286	2501
scaff_1004	1	1263	1263
scaff_930	1	1242	1242
scaff_981	1	1226	1226
scaff_1065	1	1211	1211
scaff_1033	2	1202	2512
scaff_788	1	1194	1194
scaff_953	1	1159	1159
scaff_816	1	1139	1139
scaff_820	1	1114	1114
scaff_1036	1	1104	1104
scaff_962	2	1088	2506
scaff_1035	1	1082	1082
scaff_928	1	1040	1040
scaff_1019	1	1035	1035
scaff_1031	1	1029	1029
scaff_997	1	1008	1008
scaff_982	1	1004	1004
scaff_961	1	991	991
scaff_1037	1	946	946
scaff_1013	1	935	935
scaff_903	1	925	925
scaff_963	1	900	900
scaff_968	1	879	879
scaff_988	1	867	867
scaff_914	1	866	866
scaff_1050	1	866	866
scaff_943	1	862	862
scaff_828	1	851	851
scaff_944	1	845	845
scaff_911	1	844	844
scaff_756	1	843	843
scaff_1066	1	840	840
scaff_979	1	839	839
scaff_780	1	835	835
scaff_793	1	834	834
scaff_856	1	829	829
scaff_1007	1	828	828
scaff_798	1	826	826
scaff_972	1	825	825
scaff_1003	1	822	822
scaff_741	1	808	808
scaff_1011	1	806	806
scaff_1040	1	797	797
scaff_818	1	796	796
scaff_956	1	790	790
scaff_1053	1	786	786
scaff_940	1	784	784
scaff_839	1	782	782
scaff_932	1	781	781
scaff_885	1	778	778
scaff_971	1	776	776
scaff_779	1	772	772
scaff_1000	1	772	772
scaff_900	1	771	771
scaff_905	1	769	769
scaff_1054	1	768	768
scaff_748	1	766	766
scaff_1026	1	764	764
scaff_799	1	755	755
scaff_883	1	754	754
scaff_891	1	754	754
scaff_858	1	753	753
scaff_895	1	749	749
scaff_774	1	746	746
scaff_980	1	745	745
scaff_1043	1	740	740
scaff_759	1	737	737
scaff_1056	1	735	735
scaff_879	1	728	728
scaff_901	1	726	726
scaff_952	1	726	726
scaff_752	1	723	723
scaff_919	1	720	720
scaff_733	1	718	718
scaff_745	1	717	717
scaff_938	1	713	713
scaff_768	1	711	711
scaff_1047	1	709	709
scaff_1038	1	708	708
scaff_992	1	704	704
scaff_823	1	694	694
scaff_959	1	694	694
scaff_1032	1	693	693
scaff_843	1	693	693
scaff_983	1	693	693
scaff_904	1	693	693
scaff_989	1	692	692
scaff_796	1	692	692
scaff_850	1	682	682
scaff_970	1	679	679
scaff_924	1	677	677
scaff_1064	1	673	673
scaff_991	1	673	673
scaff_785	1	672	672
scaff_831	1	670	670
scaff_866	1	669	669
scaff_1018	1	668	668
scaff_884	1	667	667
scaff_1023	1	664	664
scaff_946	1	661	661
scaff_996	1	659	659
scaff_1063	1	658	658
scaff_1049	1	657	657
scaff_950	1	656	656
scaff_887	1	653	653
scaff_871	1	649	649
scaff_1045	1	646	646
scaff_1028	1	645	645
scaff_826	1	644	644
scaff_945	1	632	632
scaff_1010	1	630	630
scaff_1059	1	625	625
scaff_861	1	624	624
scaff_949	1	617	617
scaff_1058	1	617	617
scaff_1061	1	615	615
scaff_1022	1	605	605
scaff_926	1	604	604
scaff_907	1	602	602
scaff_975	1	602	602
scaff_806	1	599	599
scaff_916	1	596	596
scaff_853	1	596	596
scaff_985	1	596	596
scaff_1014	1	595	595
scaff_1041	1	592	592
scaff_1052	1	588	588
scaff_936	1	586	586
scaff_955	1	579	579
scaff_1048	1	578	578
scaff_1039	1	578	578
scaff_958	1	577	577
scaff_1051	1	576	576
scaff_978	1	576	576
scaff_1016	1	576	576
scaff_812	1	571	571
scaff_923	1	564	564
scaff_846	1	562	562
scaff_1060	1	550	550
scaff_1062	1	549	549
scaff_976	1	542	542
scaff_986	1	540	540
scaff_935	1	535	535
scaff_1046	1	523	523
scaff_1012	1	506	506
scaff_893	1	497	497
scaff_1057	1	493	493
scaff_951	1	487	487
scaff_1042	1	466	466
scaff_1005	1	458	458
scaff_1002	1	430	430
scaff_965	1	422	422
scaff_974	1	382	382
scaff_1009	1	371	371
scaff_1015	1	362	362
scaff_1034	1	324	324
scaff_1020	1	323	323
scaff_1030	1	308	308
scaff_1055	1	246	246
scaff_1044	1	197	197
scaff_1024	1	188	188
scaff_960	1	174	174
scaff_1027	1	164	164
scaff_1001	1	155	155
